2018-07-05 19:39:29,512 INFO Markowitz_model: mean_var is {'mean': array([ 0.42759557,  0.47584078, -0.06706057, -0.04364325, -0.09671176,
       -0.12733496]), 'cov': array([[ 0.0163356 ,  0.00614429, -0.00357917, -0.00108162, -0.00014497,
         0.00111324],
       [ 0.00614429,  0.01176484, -0.00295302, -0.00028522, -0.00062278,
         0.00026897],
       [-0.00357917, -0.00295302,  0.01091433,  0.00345563,  0.00425622,
         0.00059567],
       [-0.00108162, -0.00028522,  0.00345563,  0.00146288,  0.00147093,
         0.00031996],
       [-0.00014497, -0.00062278,  0.00425622,  0.00147093,  0.00210425,
         0.00051021],
       [ 0.00111324,  0.00026897,  0.00059567,  0.00031996,  0.00051021,
         0.00255255]]), 'var': array([0.0163356 , 0.01176484, 0.01091433, 0.00146288, 0.00210425,
       0.00255255]), 'std': array([0.12781078, 0.10846583, 0.10447168, 0.03824762, 0.04587212,
       0.05052277])}
2018-07-05 19:39:29,567 INFO solve_frontier finished!
2018-07-05 19:39:29,919 INFO efficient_frontier finished!
2018-07-05 19:39:29,922 INFO solve_weights finished!
2018-07-05 19:39:29,962 INFO Could not load matplotlib icon: can't use "pyimage10" as iconphoto: not a photo image
2018-07-05 19:39:29,973 INFO efficient_frontier finished!
2018-07-05 19:39:30,012 INFO Markowitz_model: tangent_weights is [1.54097717e-01 2.43562388e-01 6.23799159e-13 6.02339895e-01
 4.13917199e-12 7.56650310e-13]
2018-07-05 19:39:30,013 INFO Markowitz_model: weights is {'SPY': 0.15409771719512178, 'DBC': 0.24356238801370095, 'TLT': 6.237991588933008e-13, 'TIP': 0.6023398947856576, 'LQD': 4.1391719899134226e-12, 'CEMB': 7.566503101700574e-13}
2018-07-05 19:39:30,014 INFO Markowitz_model: sum of weights is 0.9999999999999999
2018-07-05 19:39:30,015 INFO Markowitz_model finished successfully
2018-07-05 19:39:30,022 INFO solve_weights finished!
2018-07-05 19:39:30,027 INFO solve_weights finished!
2018-07-05 19:39:30,028 INFO BlackLitterman_model: weights: weights is {'SPY': 0.09461079512180107, 'DBC': 0.08155009678574747, 'TLT': 6.699681227657344e-11, 'TIP': 0.5606641844970852, 'LQD': 0.06791943954964745, 'CEMB': 0.1952554839787221}
2018-07-05 19:39:30,029 INFO BlackLitterman_model: sum of weights is 1.0
2018-07-05 19:39:30,030 INFO BlackLitterman_model finished successfully!
2018-07-05 19:39:30,034 INFO solve_weights_assetinclass finished successfully!
2018-07-05 19:39:30,035 INFO W_assetinclass is {'Equity': {'SPY': 1.0}, 'Commodity': {'DBC': 1.0}, 'Nominal Bond': {'TLT': 1.0}, 'IL Bond': {'TIP': 1.0}, 'Corporate Credit': {'LQD': 1.0}, 'EM Credit': {'CEMB': 1.0}}
2018-07-05 19:39:30,036 INFO solve_weights_box finished successfully!
2018-07-05 19:39:30,037 INFO W_box is {'GR': {'Equity': 0.0664365631191335, 'Commodity': 0.09224784320531065, 'EM Credit': 0.09943630267107244, 'Corporate Credit': 0.7418792910044834}, 'GF': {'Nominal Bond': 0.4186710254522308, 'IL Bond': 0.5813289745477692}, 'IR': {'IL Bond': 0.2573856370442848, 'Commodity': 0.3573825733095788, 'EM Credit': 0.3852317896461364}, 'IF': {'Nominal Bond': 0.5813289745477692, 'Equity': 0.4186710254522308}}
2018-07-05 19:39:30,038 INFO solve_weights_env finished successfully!
2018-07-05 19:39:30,038 INFO W_env is {'GR': 0.36312412855969906, 'GF': 0.26701883683963434, 'IR': 0.26008633551217697, 'IF': 0.10977069908848969}
2018-07-05 19:39:30,038 INFO W_assetclass is {'Equity': 0.07008253023912303, 'Commodity': 0.12644774154344046, 'Nominal Bond': 0.17560593817121506, 'IL Bond': 0.222168273757238, 'EM Credit': 0.13630124524649306, 'Corporate Credit': 0.2693942710424904}
2018-07-05 19:39:30,039 INFO solve_weights_asset finished successfully!
2018-07-05 19:39:30,039 INFO W_asset is {'SPY': 0.07008253023912303, 'DBC': 0.12644774154344046, 'TLT': 0.17560593817121506, 'TIP': 0.222168273757238, 'LQD': 0.2693942710424904, 'CEMB': 0.13630124524649306}
2018-07-05 19:39:30,040 INFO RiskParity_model: weights is {'SPY': 0.07008253023912303, 'DBC': 0.12644774154344046, 'TLT': 0.17560593817121506, 'TIP': 0.222168273757238, 'LQD': 0.2693942710424904, 'CEMB': 0.13630124524649306}
2018-07-05 19:39:30,040 INFO RiskParity_model: sum of weights is 1.0
2018-07-05 19:39:30,041 INFO RiskParity_model finished successfully
2018-07-05 19:39:30,090 INFO weights are respectively {'Markowitz': {'SPY': 0.15409771719512178, 'DBC': 0.24356238801370095, 'TLT': 6.237991588933008e-13, 'TIP': 0.6023398947856576, 'LQD': 4.1391719899134226e-12, 'CEMB': 7.566503101700574e-13}, 'Black Litterman': {'SPY': 0.09461079512180107, 'DBC': 0.08155009678574747, 'TLT': 6.699681227657344e-11, 'TIP': 0.5606641844970852, 'LQD': 0.06791943954964745, 'CEMB': 0.1952554839787221}, 'Risk Parity': {'SPY': 0.07008253023912303, 'DBC': 0.12644774154344046, 'TLT': 0.17560593817121506, 'TIP': 0.222168273757238, 'LQD': 0.2693942710424904, 'CEMB': 0.13630124524649306}}
2018-07-05 19:39:30,091 INFO training session finished successfully!
2018-07-05 19:39:44,427 INFO backtesting: Backtesting finished successfully
2018-07-05 19:39:44,428 INFO testing session finished successfully!
2018-07-05 19:40:10,755 ERROR Unexpected error: (<class 'SystemExit'>, SystemExit(0,), <traceback object at 0x0C31F350>)
