2018-07-05 20:03:02,292 INFO get_daily_returns: SPY begins
2018-07-05 20:03:03,121 INFO get_daily_returns: FEZ begins
2018-07-05 20:03:03,685 INFO get_daily_returns: ASHR begins
2018-07-05 20:03:04,179 INFO get_daily_returns: DBC begins
2018-07-05 20:03:04,634 INFO get_daily_returns: DBV begins
2018-07-05 20:03:05,765 INFO get_daily_returns: TLT begins
2018-07-05 20:03:06,224 INFO get_daily_returns: IEF begins
2018-07-05 20:03:06,810 INFO get_daily_returns: VWOB begins
2018-07-05 20:03:07,239 INFO get_daily_returns: TIP begins
2018-07-05 20:03:07,758 INFO get_daily_returns: VTIP begins
2018-07-05 20:03:08,959 INFO get_daily_returns: LQD begins
2018-07-05 20:03:09,424 INFO get_daily_returns: VCSH begins
2018-07-05 20:03:10,191 INFO get_daily_returns: VCIT begins
2018-07-05 20:03:10,753 INFO get_daily_returns: CEMB begins
2018-07-05 20:03:11,386 INFO get_daily_returns: EMB begins
2018-07-05 20:03:11,474 INFO Markowitz_model: mean_var is {'mean': array([ 0.42759557,  0.05843199, -0.15718657,  0.47584078,  0.20581641,
       -0.06706057, -0.06324045, -0.15829804, -0.04364325,  0.00945449,
       -0.09671176, -0.01367994, -0.06910512, -0.12733496, -0.19613184]), 'cov': array([[ 1.63355960e-02,  1.15868497e-02,  8.14053241e-03,
         6.14429385e-03,  1.70187985e-03, -3.57917232e-03,
        -2.12866435e-03,  8.26450119e-04, -1.08162116e-03,
        -2.90650529e-04, -1.44973358e-04, -4.03113691e-04,
        -8.31788690e-04,  1.11324140e-03,  1.55111529e-03],
       [ 1.15868497e-02,  1.89511581e-02,  8.76333634e-03,
         7.41227919e-03,  5.52516283e-04, -7.38305894e-03,
        -4.00552369e-03,  3.30085689e-04, -1.91725939e-03,
        -4.72067331e-04, -1.90695667e-03, -1.00349373e-03,
        -2.28180924e-03,  1.29838543e-03,  4.65001632e-04],
       [ 8.14053241e-03,  8.76333634e-03,  3.61818883e-02,
         8.34733884e-03,  7.78440402e-04, -4.58043033e-03,
        -2.32537199e-03,  1.85459920e-04, -1.41915560e-03,
        -4.47057319e-04, -6.30403322e-04, -5.05171064e-04,
        -9.36131410e-04,  1.12033947e-03,  3.65617602e-04],
       [ 6.14429385e-03,  7.41227919e-03,  8.34733884e-03,
         1.17648372e-02,  1.61895098e-03, -2.95302106e-03,
        -1.47198939e-03, -2.45042640e-04, -2.85224520e-04,
        -2.78169332e-05, -6.22775856e-04, -2.44551914e-04,
        -8.35032693e-04,  2.68967141e-04,  6.93193783e-04],
       [ 1.70187985e-03,  5.52516283e-04,  7.78440402e-04,
         1.61895098e-03,  3.68433759e-03,  3.38317723e-04,
         3.43727300e-04, -1.35241128e-04,  2.93352743e-04,
         8.55106019e-05,  2.61119209e-04,  2.81359985e-04,
         3.08179341e-04,  1.00415199e-04,  2.64170130e-04],
       [-3.57917232e-03, -7.38305894e-03, -4.58043033e-03,
        -2.95302106e-03,  3.38317723e-04,  1.09143324e-02,
         4.86209580e-03,  2.39208817e-03,  3.45562511e-03,
         7.19928649e-04,  4.25621566e-03,  1.38317335e-03,
         3.33786228e-03,  5.95666907e-04,  2.60212705e-03],
       [-2.12866435e-03, -4.00552369e-03, -2.32537199e-03,
        -1.47198939e-03,  3.43727300e-04,  4.86209580e-03,
         2.35310889e-03,  9.77617106e-04,  1.60961592e-03,
         3.71239853e-04,  1.94314542e-03,  7.20288406e-04,
         1.62300951e-03,  2.67944947e-04,  1.10599893e-03],
       [ 8.26450119e-04,  3.30085689e-04,  1.85459920e-04,
        -2.45042640e-04, -1.35241128e-04,  2.39208817e-03,
         9.77617106e-04,  2.64783477e-03,  8.21014550e-04,
         9.29413932e-05,  1.38989370e-03,  3.45207115e-04,
         9.27706617e-04,  1.08022961e-03,  2.84434910e-03],
       [-1.08162116e-03, -1.91725939e-03, -1.41915560e-03,
        -2.85224520e-04,  2.93352743e-04,  3.45562511e-03,
         1.60961592e-03,  8.21014550e-04,  1.46288065e-03,
         3.33218267e-04,  1.47092925e-03,  5.35173605e-04,
         1.19157507e-03,  3.19962791e-04,  9.71440108e-04],
       [-2.90650529e-04, -4.72067331e-04, -4.47057319e-04,
        -2.78169332e-05,  8.55106019e-05,  7.19928649e-04,
         3.71239853e-04,  9.29413932e-05,  3.33218267e-04,
         1.02058878e-04,  3.00424722e-04,  1.35844207e-04,
         2.69638026e-04,  7.53910530e-05,  1.33531083e-04],
       [-1.44973358e-04, -1.90695667e-03, -6.30403322e-04,
        -6.22775856e-04,  2.61119209e-04,  4.25621566e-03,
         1.94314542e-03,  1.38989370e-03,  1.47092925e-03,
         3.00424722e-04,  2.10425114e-03,  6.29536056e-04,
         1.58186303e-03,  5.10214749e-04,  1.63385419e-03],
       [-4.03113691e-04, -1.00349373e-03, -5.05171064e-04,
        -2.44551914e-04,  2.81359985e-04,  1.38317335e-03,
         7.20288406e-04,  3.45207115e-04,  5.35173605e-04,
         1.35844207e-04,  6.29536056e-04,  3.12164801e-04,
         5.33263486e-04,  2.34361530e-04,  4.20970935e-04],
       [-8.31788690e-04, -2.28180924e-03, -9.36131410e-04,
        -8.35032693e-04,  3.08179341e-04,  3.33786228e-03,
         1.62300951e-03,  9.27706617e-04,  1.19157507e-03,
         2.69638026e-04,  1.58186303e-03,  5.33263486e-04,
         1.30671423e-03,  3.47398515e-04,  1.08378915e-03],
       [ 1.11324140e-03,  1.29838543e-03,  1.12033947e-03,
         2.68967141e-04,  1.00415199e-04,  5.95666907e-04,
         2.67944947e-04,  1.08022961e-03,  3.19962791e-04,
         7.53910530e-05,  5.10214749e-04,  2.34361530e-04,
         3.47398515e-04,  2.55255028e-03,  1.36125086e-03],
       [ 1.55111529e-03,  4.65001632e-04,  3.65617602e-04,
         6.93193783e-04,  2.64170130e-04,  2.60212705e-03,
         1.10599893e-03,  2.84434910e-03,  9.71440108e-04,
         1.33531083e-04,  1.63385419e-03,  4.20970935e-04,
         1.08378915e-03,  1.36125086e-03,  3.51452281e-03]]), 'var': array([0.0163356 , 0.01895116, 0.03618189, 0.01176484, 0.00368434,
       0.01091433, 0.00235311, 0.00264783, 0.00146288, 0.00010206,
       0.00210425, 0.00031216, 0.00130671, 0.00255255, 0.00351452]), 'std': array([0.12781078, 0.13766321, 0.19021537, 0.10846583, 0.06069874,
       0.10447168, 0.04850885, 0.05145712, 0.03824762, 0.01010242,
       0.04587212, 0.01766819, 0.0361485 , 0.05052277, 0.05928341])}
2018-07-05 20:03:11,636 INFO solve_frontier finished!
2018-07-05 20:03:11,721 INFO efficient_frontier finished!
2018-07-05 20:03:11,733 INFO solve_weights finished!
2018-07-05 20:03:11,772 INFO Could not load matplotlib icon: can't use "pyimage10" as iconphoto: not a photo image
2018-07-05 20:03:11,790 INFO efficient_frontier finished!
2018-07-05 20:03:11,834 INFO Markowitz_model: tangent_weights is [3.70588551e-02 8.46640895e-12 6.73507892e-07 3.81269831e-02
 4.04177319e-02 7.59871730e-07 9.50463421e-08 1.61394169e-07
 1.66031888e-07 8.84393874e-01 3.74869363e-07 4.33869084e-11
 5.91810782e-08 1.02680536e-07 7.05246928e-07]
2018-07-05 20:03:11,835 INFO Markowitz_model: weights is {'SPY': 0.037058855082186246, 'FEZ': 8.466408947239484e-12, 'ASHR': 6.735078924970853e-07, 'DBC': 0.03812698310091192, 'DBV': 0.04041773187809097, 'TLT': 7.598717297388901e-07, 'IEF': 9.504634207125612e-08, 'VWOB': 1.61394169091701e-07, 'TIP': 1.6603188789504148e-07, 'VTIP': 0.8843938738045846, 'LQD': 3.7486936295301634e-07, 'VCSH': 4.3386908441170405e-11, 'VCIT': 5.918107824168481e-08, 'CEMB': 1.0268053617288848e-07, 'EMB': 7.052469276073416e-07}
2018-07-05 20:03:11,836 INFO Markowitz_model: sum of weights is 1.0000005417475535
2018-07-05 20:03:11,838 INFO Markowitz_model finished successfully
2018-07-05 20:03:11,862 INFO solve_weights finished!
2018-07-05 20:03:11,873 INFO solve_weights finished!
2018-07-05 20:03:11,874 INFO BlackLitterman_model: weights: weights is {'SPY': 0.035673163189897314, 'FEZ': 0.008745855555733487, 'ASHR': 0.014737456691217222, 'DBC': 2.8743089993624876e-13, 'DBV': 0.013276120037266683, 'TLT': 4.143171523297482e-11, 'IEF': 7.77298676778984e-12, 'VWOB': 0.0436189148170406, 'TIP': 3.717870460517717e-11, 'VTIP': 0.8839484896274719, 'LQD': 1.3459693129402243e-11, 'VCSH': 0.0, 'VCIT': 1.4564618776093954e-11, 'CEMB': 0.0, 'EMB': 0.0}
2018-07-05 20:03:11,875 INFO BlackLitterman_model: sum of weights is 1.0000000000333222
2018-07-05 20:03:11,876 INFO BlackLitterman_model finished successfully!
2018-07-05 20:03:11,892 INFO solve_weights_assetinclass finished successfully!
2018-07-05 20:03:11,893 INFO W_assetinclass is {'Equity': {'SPY': 0.4322512144402556, 'FEZ': 0.37259365281317, 'ASHR': 0.19515513274657456}, 'Commodity': {'DBC': 0.2384811904757649, 'DBV': 0.7615188095242351}, 'Nominal Bond': {'TLT': 0.10245644897222587, 'IEF': 0.4752197150483361, 'VWOB': 0.42232383597943807}, 'IL Bond': {'TIP': 0.06521586095582385, 'VTIP': 0.9347841390441761}, 'Corporate Credit': {'LQD': 0.10693846982078513, 'VCSH': 0.720854484749177, 'VCIT': 0.17220704543003781}, 'EM Credit': {'CEMB': 0.579278139277055, 'EMB': 0.4207218607229449}}
2018-07-05 20:03:11,894 INFO solve_weights_box finished successfully!
2018-07-05 20:03:11,895 INFO W_box is {'GR': {'Equity': 0.008189387104325497, 'Commodity': 0.030915324820009537, 'EM Credit': 0.05171138060489493, 'Corporate Credit': 0.90918390747077}, 'GF': {'Nominal Bond': 0.20942200316349105, 'IL Bond': 0.7905779968365091}, 'IR': {'IL Bond': 0.09017550608323815, 'Commodity': 0.34041681335341717, 'EM Credit': 0.5694076805633446}, 'IF': {'Nominal Bond': 0.7905779968365091, 'Equity': 0.20942200316349105}}
2018-07-05 20:03:11,896 INFO solve_weights_env finished successfully!
2018-07-05 20:03:11,898 INFO W_env is {'GR': 0.3609536280955542, 'GF': 0.47102738829756097, 'IR': 0.11131017381444513, 'IF': 0.056708809792439585}
2018-07-05 20:03:11,900 INFO W_assetclass is {'Equity': 0.014832061530935328, 'Commodity': 0.04905085332126337, 'Nominal Bond': 0.14347623645083224, 'IL Bond': 0.3824213403513491, 'EM Credit': 0.08204627833795283, 'Corporate Credit': 0.32817323000766707}
2018-07-05 20:03:11,901 INFO solve_weights_asset finished successfully!
2018-07-05 20:03:11,902 INFO W_asset is {'SPY': 0.006411176609399392, 'FEZ': 0.005526331984560892, 'ASHR': 0.0028945529369750456, 'DBC': 0.011697705893907015, 'DBV': 0.037353147427356355, 'TLT': 0.014700065698651708, 'IEF': 0.0681827362023722, 'VWOB': 0.060593434549808346, 'TIP': 0.024939936958893374, 'VTIP': 0.3574814033924557, 'LQD': 0.03509434305316448, 'VCSH': 0.23656514462565, 'VCIT': 0.05651374232885257, 'CEMB': 0.04752761545021666, 'EMB': 0.03451866288773616}
2018-07-05 20:03:11,903 INFO RiskParity_model: weights is {'SPY': 0.006411176609399392, 'FEZ': 0.005526331984560892, 'ASHR': 0.0028945529369750456, 'DBC': 0.011697705893907015, 'DBV': 0.037353147427356355, 'TLT': 0.014700065698651708, 'IEF': 0.0681827362023722, 'VWOB': 0.060593434549808346, 'TIP': 0.024939936958893374, 'VTIP': 0.3574814033924557, 'LQD': 0.03509434305316448, 'VCSH': 0.23656514462565, 'VCIT': 0.05651374232885257, 'CEMB': 0.04752761545021666, 'EMB': 0.03451866288773616}
2018-07-05 20:03:11,904 INFO RiskParity_model: sum of weights is 1.0
2018-07-05 20:03:11,906 INFO RiskParity_model finished successfully
2018-07-05 20:03:12,058 INFO weights are respectively {'Markowitz': {'SPY': 0.037058855082186246, 'FEZ': 8.466408947239484e-12, 'ASHR': 6.735078924970853e-07, 'DBC': 0.03812698310091192, 'DBV': 0.04041773187809097, 'TLT': 7.598717297388901e-07, 'IEF': 9.504634207125612e-08, 'VWOB': 1.61394169091701e-07, 'TIP': 1.6603188789504148e-07, 'VTIP': 0.8843938738045846, 'LQD': 3.7486936295301634e-07, 'VCSH': 4.3386908441170405e-11, 'VCIT': 5.918107824168481e-08, 'CEMB': 1.0268053617288848e-07, 'EMB': 7.052469276073416e-07}, 'Black Litterman': {'SPY': 0.035673163189897314, 'FEZ': 0.008745855555733487, 'ASHR': 0.014737456691217222, 'DBC': 2.8743089993624876e-13, 'DBV': 0.013276120037266683, 'TLT': 4.143171523297482e-11, 'IEF': 7.77298676778984e-12, 'VWOB': 0.0436189148170406, 'TIP': 3.717870460517717e-11, 'VTIP': 0.8839484896274719, 'LQD': 1.3459693129402243e-11, 'VCSH': 0.0, 'VCIT': 1.4564618776093954e-11, 'CEMB': 0.0, 'EMB': 0.0}, 'Risk Parity': {'SPY': 0.006411176609399392, 'FEZ': 0.005526331984560892, 'ASHR': 0.0028945529369750456, 'DBC': 0.011697705893907015, 'DBV': 0.037353147427356355, 'TLT': 0.014700065698651708, 'IEF': 0.0681827362023722, 'VWOB': 0.060593434549808346, 'TIP': 0.024939936958893374, 'VTIP': 0.3574814033924557, 'LQD': 0.03509434305316448, 'VCSH': 0.23656514462565, 'VCIT': 0.05651374232885257, 'CEMB': 0.04752761545021666, 'EMB': 0.03451866288773616}}
2018-07-05 20:03:12,061 INFO training session finished successfully!
2018-07-05 20:03:12,809 INFO get_daily_returns: SPY begins
2018-07-05 20:03:13,824 INFO get_daily_returns: FEZ begins
2018-07-05 20:03:14,409 INFO get_daily_returns: ASHR begins
2018-07-05 20:03:14,857 INFO get_daily_returns: DBC begins
2018-07-05 20:03:15,240 INFO get_daily_returns: DBV begins
2018-07-05 20:03:15,861 INFO get_daily_returns: TLT begins
2018-07-05 20:03:16,333 INFO get_daily_returns: IEF begins
2018-07-05 20:03:16,825 INFO get_daily_returns: VWOB begins
2018-07-05 20:03:17,287 INFO get_daily_returns: TIP begins
2018-07-05 20:03:17,765 INFO get_daily_returns: VTIP begins
2018-07-05 20:03:18,260 INFO get_daily_returns: LQD begins
2018-07-05 20:03:18,892 INFO get_daily_returns: VCSH begins
2018-07-05 20:03:19,929 INFO get_daily_returns: VCIT begins
2018-07-05 20:03:20,503 INFO get_daily_returns: CEMB begins
2018-07-05 20:03:21,622 INFO get_daily_returns: EMB begins
2018-07-05 20:03:21,701 INFO backtesting: Backtesting finished successfully
2018-07-05 20:03:21,701 INFO testing session finished successfully!
2018-07-05 20:05:05,682 ERROR Unexpected error: (<class 'SystemExit'>, SystemExit(0,), <traceback object at 0x108DDFA8>)
