2018-07-05 19:59:34,137 INFO get_daily_returns: SPY begins
2018-07-05 19:59:34,811 INFO get_daily_returns: FEZ begins
2018-07-05 19:59:35,561 INFO get_daily_returns: DBC begins
2018-07-05 19:59:36,203 INFO get_daily_returns: DBV begins
2018-07-05 19:59:36,878 INFO get_daily_returns: TLT begins
2018-07-05 19:59:37,513 INFO get_daily_returns: IEF begins
2018-07-05 19:59:38,133 INFO get_daily_returns: VWOB begins
2018-07-05 19:59:38,770 INFO get_daily_returns: TIP begins
2018-07-05 19:59:39,400 INFO get_daily_returns: VTIP begins
2018-07-05 19:59:39,888 INFO get_daily_returns: LQD begins
2018-07-05 19:59:40,545 INFO get_daily_returns: VCSH begins
2018-07-05 19:59:41,169 INFO get_daily_returns: VCIT begins
2018-07-05 19:59:41,814 INFO get_daily_returns: CEMB begins
2018-07-05 19:59:42,272 INFO get_daily_returns: EMB begins
2018-07-05 19:59:42,275 INFO get_daily_returns: ['SPY', 'FEZ', 'DBC', 'DBV', 'TLT', 'IEF', 'VWOB', 'TIP', 'VTIP', 'LQD', 'VCSH', 'VCIT', 'CEMB', 'EMB'] finished
2018-07-05 19:59:42,375 INFO Markowitz_model: mean_var is {'mean': array([ 0.42759557,  0.05843199,  0.47584078,  0.20581641, -0.06706057,
       -0.06324045, -0.15829804, -0.04364325,  0.00945449, -0.09671176,
       -0.01367994, -0.06910512, -0.12733496, -0.19613184]), 'cov': array([[ 1.63355960e-02,  1.15868497e-02,  6.14429385e-03,
         1.70187985e-03, -3.57917232e-03, -2.12866435e-03,
         8.26450119e-04, -1.08162116e-03, -2.90650529e-04,
        -1.44973358e-04, -4.03113691e-04, -8.31788690e-04,
         1.11324140e-03,  1.55111529e-03],
       [ 1.15868497e-02,  1.89511581e-02,  7.41227919e-03,
         5.52516283e-04, -7.38305894e-03, -4.00552369e-03,
         3.30085689e-04, -1.91725939e-03, -4.72067331e-04,
        -1.90695667e-03, -1.00349373e-03, -2.28180924e-03,
         1.29838543e-03,  4.65001632e-04],
       [ 6.14429385e-03,  7.41227919e-03,  1.17648372e-02,
         1.61895098e-03, -2.95302106e-03, -1.47198939e-03,
        -2.45042640e-04, -2.85224520e-04, -2.78169332e-05,
        -6.22775856e-04, -2.44551914e-04, -8.35032693e-04,
         2.68967141e-04,  6.93193783e-04],
       [ 1.70187985e-03,  5.52516283e-04,  1.61895098e-03,
         3.68433759e-03,  3.38317723e-04,  3.43727300e-04,
        -1.35241128e-04,  2.93352743e-04,  8.55106019e-05,
         2.61119209e-04,  2.81359985e-04,  3.08179341e-04,
         1.00415199e-04,  2.64170130e-04],
       [-3.57917232e-03, -7.38305894e-03, -2.95302106e-03,
         3.38317723e-04,  1.09143324e-02,  4.86209580e-03,
         2.39208817e-03,  3.45562511e-03,  7.19928649e-04,
         4.25621566e-03,  1.38317335e-03,  3.33786228e-03,
         5.95666907e-04,  2.60212705e-03],
       [-2.12866435e-03, -4.00552369e-03, -1.47198939e-03,
         3.43727300e-04,  4.86209580e-03,  2.35310889e-03,
         9.77617106e-04,  1.60961592e-03,  3.71239853e-04,
         1.94314542e-03,  7.20288406e-04,  1.62300951e-03,
         2.67944947e-04,  1.10599893e-03],
       [ 8.26450119e-04,  3.30085689e-04, -2.45042640e-04,
        -1.35241128e-04,  2.39208817e-03,  9.77617106e-04,
         2.64783477e-03,  8.21014550e-04,  9.29413932e-05,
         1.38989370e-03,  3.45207115e-04,  9.27706617e-04,
         1.08022961e-03,  2.84434910e-03],
       [-1.08162116e-03, -1.91725939e-03, -2.85224520e-04,
         2.93352743e-04,  3.45562511e-03,  1.60961592e-03,
         8.21014550e-04,  1.46288065e-03,  3.33218267e-04,
         1.47092925e-03,  5.35173605e-04,  1.19157507e-03,
         3.19962791e-04,  9.71440108e-04],
       [-2.90650529e-04, -4.72067331e-04, -2.78169332e-05,
         8.55106019e-05,  7.19928649e-04,  3.71239853e-04,
         9.29413932e-05,  3.33218267e-04,  1.02058878e-04,
         3.00424722e-04,  1.35844207e-04,  2.69638026e-04,
         7.53910530e-05,  1.33531083e-04],
       [-1.44973358e-04, -1.90695667e-03, -6.22775856e-04,
         2.61119209e-04,  4.25621566e-03,  1.94314542e-03,
         1.38989370e-03,  1.47092925e-03,  3.00424722e-04,
         2.10425114e-03,  6.29536056e-04,  1.58186303e-03,
         5.10214749e-04,  1.63385419e-03],
       [-4.03113691e-04, -1.00349373e-03, -2.44551914e-04,
         2.81359985e-04,  1.38317335e-03,  7.20288406e-04,
         3.45207115e-04,  5.35173605e-04,  1.35844207e-04,
         6.29536056e-04,  3.12164801e-04,  5.33263486e-04,
         2.34361530e-04,  4.20970935e-04],
       [-8.31788690e-04, -2.28180924e-03, -8.35032693e-04,
         3.08179341e-04,  3.33786228e-03,  1.62300951e-03,
         9.27706617e-04,  1.19157507e-03,  2.69638026e-04,
         1.58186303e-03,  5.33263486e-04,  1.30671423e-03,
         3.47398515e-04,  1.08378915e-03],
       [ 1.11324140e-03,  1.29838543e-03,  2.68967141e-04,
         1.00415199e-04,  5.95666907e-04,  2.67944947e-04,
         1.08022961e-03,  3.19962791e-04,  7.53910530e-05,
         5.10214749e-04,  2.34361530e-04,  3.47398515e-04,
         2.55255028e-03,  1.36125086e-03],
       [ 1.55111529e-03,  4.65001632e-04,  6.93193783e-04,
         2.64170130e-04,  2.60212705e-03,  1.10599893e-03,
         2.84434910e-03,  9.71440108e-04,  1.33531083e-04,
         1.63385419e-03,  4.20970935e-04,  1.08378915e-03,
         1.36125086e-03,  3.51452281e-03]]), 'var': array([0.0163356 , 0.01895116, 0.01176484, 0.00368434, 0.01091433,
       0.00235311, 0.00264783, 0.00146288, 0.00010206, 0.00210425,
       0.00031216, 0.00130671, 0.00255255, 0.00351452]), 'std': array([0.12781078, 0.13766321, 0.10846583, 0.06069874, 0.10447168,
       0.04850885, 0.05145712, 0.03824762, 0.01010242, 0.04587212,
       0.01766819, 0.0361485 , 0.05052277, 0.05928341])}
2018-07-05 19:59:42,511 INFO solve_frontier finished!
2018-07-05 19:59:42,596 INFO efficient_frontier finished!
2018-07-05 19:59:42,606 INFO solve_weights finished!
2018-07-05 19:59:42,646 INFO Could not load matplotlib icon: can't use "pyimage10" as iconphoto: not a photo image
2018-07-05 19:59:42,657 INFO efficient_frontier finished!
2018-07-05 19:59:42,698 INFO Markowitz_model: tangent_weights is [3.70587666e-02 6.22553630e-09 3.81287158e-02 4.04126188e-02
 4.25323813e-08 0.00000000e+00 0.00000000e+00 4.36817693e-09
 8.84399877e-01 1.55528235e-08 1.58576481e-09 0.00000000e+00
 0.00000000e+00 3.19398566e-08]
2018-07-05 19:59:42,700 INFO Markowitz_model: weights is {'SPY': 0.03705876655331292, 'FEZ': 6.22553629522536e-09, 'DBC': 0.03812871578493633, 'DBV': 0.04041261877927355, 'TLT': 4.253238129217231e-08, 'IEF': 0.0, 'VWOB': 0.0, 'TIP': 4.368176934483599e-09, 'VTIP': 0.8843998769183482, 'LQD': 1.5552823535779544e-08, 'VCSH': 1.5857648114988116e-09, 'VCIT': 0.0, 'CEMB': 0.0, 'EMB': 3.1939856639770835e-08}
2018-07-05 19:59:42,700 INFO Markowitz_model: sum of weights is 1.0000000802404103
2018-07-05 19:59:42,701 INFO Markowitz_model finished successfully
2018-07-05 19:59:42,719 INFO solve_weights finished!
2018-07-05 19:59:42,738 INFO solve_weights finished!
2018-07-05 19:59:42,739 INFO BlackLitterman_model: weights: weights is {'SPY': 0.025368406947326894, 'FEZ': 0.019023675050603102, 'DBC': 0.004741255828933395, 'DBV': 0.016836347360240353, 'TLT': 6.648105652293698e-09, 'IEF': 4.045234054218853e-09, 'VWOB': 0.0529636159396531, 'TIP': 4.7616319554626785e-09, 'VTIP': 0.8768402674586322, 'LQD': 3.136930908916057e-09, 'VCSH': 1.066218267346043e-08, 'VCIT': 3.2086463522677137e-09, 'CEMB': 0.004226402648250759, 'EMB': 0.0}
2018-07-05 19:59:42,740 INFO BlackLitterman_model: sum of weights is 1.0000000036963714
2018-07-05 19:59:42,741 INFO BlackLitterman_model finished successfully!
2018-07-05 19:59:42,751 INFO solve_weights_assetinclass finished successfully!
2018-07-05 19:59:42,752 INFO W_assetinclass is {'Equity': {'SPY': 0.5370615282859852, 'FEZ': 0.4629384717140148}, 'Commodity': {'DBC': 0.2384811904757649, 'DBV': 0.7615188095242351}, 'Nominal Bond': {'TLT': 0.10245644897222587, 'IEF': 0.4752197150483361, 'VWOB': 0.42232383597943807}, 'IL Bond': {'TIP': 0.06521586095582385, 'VTIP': 0.9347841390441761}, 'Corporate Credit': {'LQD': 0.10693846982078513, 'VCSH': 0.720854484749177, 'VCIT': 0.17220704543003781}, 'EM Credit': {'CEMB': 0.579278139277055, 'EMB': 0.4207218607229449}}
2018-07-05 19:59:42,753 INFO solve_weights_box finished successfully!
2018-07-05 19:59:42,754 INFO W_box is {'GR': {'Equity': 0.009870025960607489, 'Commodity': 0.030862938310456677, 'EM Credit': 0.051623754848095615, 'Corporate Credit': 0.9076432808808402}, 'GF': {'Nominal Bond': 0.2423105250805168, 'IL Bond': 0.7576894749194831}, 'IR': {'IL Bond': 0.10686852082600573, 'Commodity': 0.3341710121884791, 'EM Credit': 0.5589604669855153}, 'IF': {'Nominal Bond': 0.7576894749194831, 'Equity': 0.2423105250805168}}
2018-07-05 19:59:42,755 INFO solve_weights_env finished successfully!
2018-07-05 19:59:42,755 INFO W_env is {'GR': 0.3790593687175789, 'GF': 0.4401482394638551, 'IR': 0.11875932088926873, 'IF': 0.062033070929297336}
2018-07-05 19:59:42,756 INFO W_assetclass is {'Equity': 0.01877259179908897, 'Commodity': 0.051384808381114616, 'Nominal Bond': 0.15365435595781413, 'IL Bond': 0.34618732140384045, 'EM Credit': 0.08595023338669848, 'Corporate Credit': 0.3440506890714434}
2018-07-05 19:59:42,756 INFO solve_weights_asset finished successfully!
2018-07-05 19:59:42,757 INFO W_asset is {'SPY': 0.010082036841507675, 'FEZ': 0.008690554957581295, 'DBC': 0.012254310275097276, 'DBV': 0.03913049810601734, 'TLT': 0.015742879680552015, 'IEF': 0.07301957925420803, 'VWOB': 0.06489189702305409, 'TIP': 0.022576904217341962, 'VTIP': 0.32361041718649847, 'LQD': 0.036792254230086884, 'VCSH': 0.24801048219819466, 'VCIT': 0.05924795264316187, 'CEMB': 0.0497890912666753, 'EMB': 0.036161142120023165}
2018-07-05 19:59:42,758 INFO RiskParity_model: weights is {'SPY': 0.010082036841507675, 'FEZ': 0.008690554957581295, 'DBC': 0.012254310275097276, 'DBV': 0.03913049810601734, 'TLT': 0.015742879680552015, 'IEF': 0.07301957925420803, 'VWOB': 0.06489189702305409, 'TIP': 0.022576904217341962, 'VTIP': 0.32361041718649847, 'LQD': 0.036792254230086884, 'VCSH': 0.24801048219819466, 'VCIT': 0.05924795264316187, 'CEMB': 0.0497890912666753, 'EMB': 0.036161142120023165}
2018-07-05 19:59:42,758 INFO RiskParity_model: sum of weights is 1.0
2018-07-05 19:59:42,759 INFO RiskParity_model finished successfully
2018-07-05 19:59:42,849 INFO weights are respectively {'Markowitz': {'SPY': 0.03705876655331292, 'FEZ': 6.22553629522536e-09, 'DBC': 0.03812871578493633, 'DBV': 0.04041261877927355, 'TLT': 4.253238129217231e-08, 'IEF': 0.0, 'VWOB': 0.0, 'TIP': 4.368176934483599e-09, 'VTIP': 0.8843998769183482, 'LQD': 1.5552823535779544e-08, 'VCSH': 1.5857648114988116e-09, 'VCIT': 0.0, 'CEMB': 0.0, 'EMB': 3.1939856639770835e-08}, 'Black Litterman': {'SPY': 0.025368406947326894, 'FEZ': 0.019023675050603102, 'DBC': 0.004741255828933395, 'DBV': 0.016836347360240353, 'TLT': 6.648105652293698e-09, 'IEF': 4.045234054218853e-09, 'VWOB': 0.0529636159396531, 'TIP': 4.7616319554626785e-09, 'VTIP': 0.8768402674586322, 'LQD': 3.136930908916057e-09, 'VCSH': 1.066218267346043e-08, 'VCIT': 3.2086463522677137e-09, 'CEMB': 0.004226402648250759, 'EMB': 0.0}, 'Risk Parity': {'SPY': 0.010082036841507675, 'FEZ': 0.008690554957581295, 'DBC': 0.012254310275097276, 'DBV': 0.03913049810601734, 'TLT': 0.015742879680552015, 'IEF': 0.07301957925420803, 'VWOB': 0.06489189702305409, 'TIP': 0.022576904217341962, 'VTIP': 0.32361041718649847, 'LQD': 0.036792254230086884, 'VCSH': 0.24801048219819466, 'VCIT': 0.05924795264316187, 'CEMB': 0.0497890912666753, 'EMB': 0.036161142120023165}}
2018-07-05 19:59:42,851 INFO training session finished successfully!
2018-07-05 19:59:43,568 INFO get_daily_returns: SPY begins
2018-07-05 19:59:44,159 INFO get_daily_returns: FEZ begins
2018-07-05 19:59:44,679 INFO get_daily_returns: DBC begins
2018-07-05 19:59:45,480 INFO get_daily_returns: DBV begins
2018-07-05 19:59:46,120 INFO get_daily_returns: TLT begins
2018-07-05 19:59:46,763 INFO get_daily_returns: IEF begins
2018-07-05 19:59:47,246 INFO get_daily_returns: VWOB begins
2018-07-05 19:59:47,956 INFO get_daily_returns: TIP begins
2018-07-05 19:59:48,532 INFO get_daily_returns: VTIP begins
2018-07-05 19:59:49,020 INFO get_daily_returns: LQD begins
2018-07-05 19:59:49,501 INFO get_daily_returns: VCSH begins
2018-07-05 19:59:50,197 INFO get_daily_returns: VCIT begins
2018-07-05 19:59:50,614 INFO get_daily_returns: CEMB begins
2018-07-05 19:59:51,331 INFO get_daily_returns: EMB begins
2018-07-05 19:59:51,332 INFO get_daily_returns: ['SPY', 'FEZ', 'DBC', 'DBV', 'TLT', 'IEF', 'VWOB', 'TIP', 'VTIP', 'LQD', 'VCSH', 'VCIT', 'CEMB', 'EMB'] finished
2018-07-05 19:59:51,395 INFO backtesting: Backtesting finished successfully
2018-07-05 19:59:51,396 INFO testing session finished successfully!
2018-07-05 20:00:41,034 ERROR Unexpected error: (<class 'SystemExit'>, SystemExit(0,), <traceback object at 0x10166C10>)
