2018-07-05 10:07:38,029 INFO Markowitz_model: mean_var is {'mean': array([ 0.45954156, -0.12856983,  0.11976526,  0.47584078, -0.06706057,
       -0.19388319,  0.01617467,  1.19298695]), 'cov': array([[ 0.0150776 ,  0.01281572,  0.01005388,  0.00577879, -0.00342883,
        -0.00051864,  0.00284843,  0.01632257],
       [ 0.01281572,  0.02097975,  0.01125522,  0.00730338, -0.00275314,
         0.00221679,  0.00309161,  0.01365008],
       [ 0.01005388,  0.01125522,  0.01488538,  0.00699152, -0.00564597,
         0.00063583,  0.00260225,  0.00909289],
       [ 0.00577879,  0.00730338,  0.00699152,  0.01176484, -0.00295302,
         0.00121534,  0.00190753,  0.0057391 ],
       [-0.00342883, -0.00275314, -0.00564597, -0.00295302,  0.01091433,
         0.00454311, -0.00013143, -0.00035386],
       [-0.00051864,  0.00221679,  0.00063583,  0.00121534,  0.00454311,
         0.0066699 ,  0.0007707 ,  0.00016509],
       [ 0.00284843,  0.00309161,  0.00260225,  0.00190753, -0.00013143,
         0.0007707 ,  0.00114909,  0.00314741],
       [ 0.01632257,  0.01365008,  0.00909289,  0.0057391 , -0.00035386,
         0.00016509,  0.00314741,  0.05770416]]), 'var': array([0.0150776 , 0.02097975, 0.01488538, 0.01176484, 0.01091433,
       0.0066699 , 0.00114909, 0.05770416]), 'std': array([0.12279088, 0.14484389, 0.12200567, 0.10846583, 0.10447168,
       0.08166946, 0.0338982 , 0.2402169 ])}
2018-07-05 10:07:38,113 INFO solve_frontier finished!
2018-07-05 10:07:38,196 INFO efficient_frontier finished!
2018-07-05 10:07:38,201 INFO solve_weights finished!
2018-07-05 10:07:38,240 INFO Could not load matplotlib icon: can't use "pyimage10" as iconphoto: not a photo image
2018-07-05 10:07:38,252 INFO efficient_frontier finished!
2018-07-05 10:07:38,293 INFO Markowitz_model: tangent_weights is [6.49647372e-03 1.06218585e-09 1.99493083e-11 2.43177018e-01
 1.54383096e-01 3.12531000e-11 5.11294712e-01 8.46486997e-02]
2018-07-05 10:07:38,295 INFO Markowitz_model: weights is {'VTI': 0.0064964737218289785, 'VWO': 1.0621858531547944e-09, 'VGK': 1.9949308304795642e-11, 'DBC': 0.24317701794191712, 'TLT': 0.15438309551366927, 'GLD': 3.125309996182564e-11, 'HYG': 0.5112947119704142, 'AAPL': 0.08464869973878202}
2018-07-05 10:07:38,296 INFO Markowitz_model: sum of weights is 0.9999999999999999
2018-07-05 10:07:38,296 INFO Markowitz_model finished successfully
2018-07-05 10:07:38,306 INFO solve_weights finished!
2018-07-05 10:07:38,312 INFO solve_weights finished!
2018-07-05 10:07:38,313 INFO BlackLitterman_model: weights: weights is {'VTI': 1.932771842206359e-12, 'VWO': 4.108500765647299e-12, 'VGK': 0.016799554047152086, 'DBC': 0.019437573217809128, 'TLT': 0.06949673725175248, 'GLD': 0.012720361387996423, 'HYG': 0.8579226986447828, 'AAPL': 0.023623075444465774}
2018-07-05 10:07:38,314 INFO BlackLitterman_model: sum of weights is 0.9999999999999999
2018-07-05 10:07:38,315 INFO BlackLitterman_model finished successfully!
2018-07-05 10:07:38,321 INFO solve_weights_assetinclass finished successfully!
2018-07-05 10:07:38,321 INFO W_assetinclass is {'Equity': {'VTI': 0.366087540688332, 'VWO': 0.2630975648808212, 'VGK': 0.3708148944308468}, 'Commodity': {'DBC': 1.0}, 'Nominal Bond': {'TLT': 1.0}, 'IL Bond': {'GLD': 1.0}, 'Corporate Credit': {'HYG': 1.0}, 'EM Credit': {'AAPL': 1.0}}
2018-07-05 10:07:38,322 INFO solve_weights_box finished successfully!
2018-07-05 10:07:38,322 INFO W_box is {'GR': {'Equity': 0.1560700680304081, 'Commodity': 0.21967070243902545, 'EM Credit': 0.23678865214310532, 'Corporate Credit': 0.38747057738746116}, 'GF': {'Nominal Bond': 0.4153663384343977, 'IL Bond': 0.5846336615656023}, 'IR': {'IL Bond': 0.2547960347190238, 'Commodity': 0.3586288173751617, 'EM Credit': 0.3865751479058144}, 'IF': {'Nominal Bond': 0.5846336615656023, 'Equity': 0.4153663384343977}}
2018-07-05 10:07:38,323 INFO solve_weights_env finished successfully!
2018-07-05 10:07:38,324 INFO W_env is {'GR': 0.1844021133181798, 'GF': 0.4215456659379701, 'IR': 0.12594387976472188, 'IF': 0.26810834097912817}
2018-07-05 10:07:38,324 INFO W_assetclass is {'Equity': 0.1401428302667408, 'Commodity': 0.0856748464195071, 'Nominal Bond': 0.33184104082645116, 'IL Bond': 0.27853978735560625, 'EM Credit': 0.09235110181283143, 'Corporate Credit': 0.07145039331886316}
2018-07-05 10:07:38,325 INFO solve_weights_asset finished successfully!
2018-07-05 10:07:38,325 INFO W_asset is {'VTI': 0.051304544077453475, 'VWO': 0.03687123737868575, 'VGK': 0.05196704881060157, 'DBC': 0.0856748464195071, 'TLT': 0.33184104082645116, 'GLD': 0.27853978735560625, 'HYG': 0.07145039331886316, 'AAPL': 0.09235110181283143}
2018-07-05 10:07:38,326 INFO RiskParity_model: weights is {'VTI': 0.051304544077453475, 'VWO': 0.03687123737868575, 'VGK': 0.05196704881060157, 'DBC': 0.0856748464195071, 'TLT': 0.33184104082645116, 'GLD': 0.27853978735560625, 'HYG': 0.07145039331886316, 'AAPL': 0.09235110181283143}
2018-07-05 10:07:38,326 INFO RiskParity_model: sum of weights is 0.9999999999999999
2018-07-05 10:07:38,327 INFO RiskParity_model finished successfully
2018-07-05 10:07:38,387 INFO weights are respectively {'Markowitz': {'VTI': 0.0064964737218289785, 'VWO': 1.0621858531547944e-09, 'VGK': 1.9949308304795642e-11, 'DBC': 0.24317701794191712, 'TLT': 0.15438309551366927, 'GLD': 3.125309996182564e-11, 'HYG': 0.5112947119704142, 'AAPL': 0.08464869973878202}, 'Black Litterman': {'VTI': 1.932771842206359e-12, 'VWO': 4.108500765647299e-12, 'VGK': 0.016799554047152086, 'DBC': 0.019437573217809128, 'TLT': 0.06949673725175248, 'GLD': 0.012720361387996423, 'HYG': 0.8579226986447828, 'AAPL': 0.023623075444465774}, 'Risk Parity': {'VTI': 0.051304544077453475, 'VWO': 0.03687123737868575, 'VGK': 0.05196704881060157, 'DBC': 0.0856748464195071, 'TLT': 0.33184104082645116, 'GLD': 0.27853978735560625, 'HYG': 0.07145039331886316, 'AAPL': 0.09235110181283143}}
2018-07-05 10:07:38,389 INFO training session finished successfully!
