2018-07-04 21:57:02,613 INFO Markowitz_model: mean_var is {'mean': array([ 0.45954156, -0.12856983,  0.11976526,  0.47584078, -0.06706057,
       -0.19388319,  0.01617467,  1.19298695]), 'cov': array([[ 0.0150776 ,  0.01281572,  0.01005388,  0.00577879, -0.00342883,
        -0.00051864,  0.00284843,  0.01632257],
       [ 0.01281572,  0.02097975,  0.01125522,  0.00730338, -0.00275314,
         0.00221679,  0.00309161,  0.01365008],
       [ 0.01005388,  0.01125522,  0.01488538,  0.00699152, -0.00564597,
         0.00063583,  0.00260225,  0.00909289],
       [ 0.00577879,  0.00730338,  0.00699152,  0.01176484, -0.00295302,
         0.00121534,  0.00190753,  0.0057391 ],
       [-0.00342883, -0.00275314, -0.00564597, -0.00295302,  0.01091433,
         0.00454311, -0.00013143, -0.00035386],
       [-0.00051864,  0.00221679,  0.00063583,  0.00121534,  0.00454311,
         0.0066699 ,  0.0007707 ,  0.00016509],
       [ 0.00284843,  0.00309161,  0.00260225,  0.00190753, -0.00013143,
         0.0007707 ,  0.00114909,  0.00314741],
       [ 0.01632257,  0.01365008,  0.00909289,  0.0057391 , -0.00035386,
         0.00016509,  0.00314741,  0.05770416]]), 'var': array([0.0150776 , 0.02097975, 0.01488538, 0.01176484, 0.01091433,
       0.0066699 , 0.00114909, 0.05770416]), 'std': array([0.12279088, 0.14484389, 0.12200567, 0.10846583, 0.10447168,
       0.08166946, 0.0338982 , 0.2402169 ])}
2018-07-04 21:57:02,697 INFO solve_frontier finished!
2018-07-04 21:57:02,804 INFO efficient_frontier finished!
2018-07-04 21:57:02,845 INFO solve_weights finished!
2018-07-04 21:57:02,886 INFO Could not load matplotlib icon: can't use "pyimage10" as iconphoto: not a photo image
2018-07-04 21:57:02,900 INFO efficient_frontier finished!
2018-07-04 21:57:02,951 INFO Markowitz_model: tangent_weights is [6.49647372e-03 1.06218585e-09 1.99493083e-11 2.43177018e-01
 1.54383096e-01 3.12531000e-11 5.11294712e-01 8.46486997e-02]
2018-07-04 21:57:02,952 INFO Markowitz_model: weights is {'VTI': 0.0064964737218289785, 'VWO': 1.0621858531547944e-09, 'VGK': 1.9949308304795642e-11, 'DBC': 0.24317701794191712, 'TLT': 0.15438309551366927, 'GLD': 3.125309996182564e-11, 'HYG': 0.5112947119704142, 'AAPL': 0.08464869973878202}
2018-07-04 21:57:02,954 INFO Markowitz_model: sum of weights is 0.9999999999999999
2018-07-04 21:57:02,954 INFO Markowitz_model finished successfully
2018-07-04 21:57:02,964 INFO solve_weights finished!
2018-07-04 21:57:02,969 INFO solve_weights finished!
2018-07-04 21:57:02,970 INFO BlackLitterman_model: weights: weights is {'VTI': 1.932771842206359e-12, 'VWO': 4.108500765647299e-12, 'VGK': 0.016799554047152086, 'DBC': 0.019437573217809128, 'TLT': 0.06949673725175248, 'GLD': 0.012720361387996423, 'HYG': 0.8579226986447828, 'AAPL': 0.023623075444465774}
2018-07-04 21:57:02,972 INFO BlackLitterman_model: sum of weights is 0.9999999999999999
2018-07-04 21:57:02,972 INFO BlackLitterman_model finished successfully!
2018-07-04 21:57:02,977 INFO solve_weights_assetinclass finished successfully!
2018-07-04 21:57:02,978 INFO W_assetinclass is {'Equity': {'VTI': 0.366087540688332, 'VWO': 0.2630975648808212, 'VGK': 0.3708148944308468}, 'Commodity': {'DBC': 1.0}, 'Nominal Bond': {'TLT': 1.0}, 'IL Bond': {'GLD': 1.0}, 'Corporate Credit': {'HYG': 1.0}, 'EM Credit': {'AAPL': 1.0}}
2018-07-04 21:57:02,980 INFO solve_weights_box finished successfully!
2018-07-04 21:57:02,980 INFO W_box is {'GR': {'Equity': 0.1560700680304081, 'Commodity': 0.21967070243902545, 'EM Credit': 0.23678865214310532, 'Corporate Credit': 0.38747057738746116}, 'GF': {'Nominal Bond': 0.4153663384343977, 'IL Bond': 0.5846336615656023}, 'IR': {'IL Bond': 0.2547960347190238, 'Commodity': 0.3586288173751617, 'EM Credit': 0.3865751479058144}, 'IF': {'Nominal Bond': 0.5846336615656023, 'Equity': 0.4153663384343977}}
2018-07-04 21:57:02,981 INFO solve_weights_env finished successfully!
2018-07-04 21:57:02,982 INFO W_env is {'GR': 0.1844021133181798, 'GF': 0.4215456659379701, 'IR': 0.12594387976472188, 'IF': 0.26810834097912817}
2018-07-04 21:57:02,982 INFO W_assetclass is {'Equity': 0.1401428302667408, 'Commodity': 0.0856748464195071, 'Nominal Bond': 0.33184104082645116, 'IL Bond': 0.27853978735560625, 'EM Credit': 0.09235110181283143, 'Corporate Credit': 0.07145039331886316}
2018-07-04 21:57:02,983 INFO solve_weights_asset finished successfully!
2018-07-04 21:57:02,983 INFO W_asset is {'VTI': 0.051304544077453475, 'VWO': 0.03687123737868575, 'VGK': 0.05196704881060157, 'DBC': 0.0856748464195071, 'TLT': 0.33184104082645116, 'GLD': 0.27853978735560625, 'HYG': 0.07145039331886316, 'AAPL': 0.09235110181283143}
2018-07-04 21:57:02,984 INFO RiskParity_model: weights is {'VTI': 0.051304544077453475, 'VWO': 0.03687123737868575, 'VGK': 0.05196704881060157, 'DBC': 0.0856748464195071, 'TLT': 0.33184104082645116, 'GLD': 0.27853978735560625, 'HYG': 0.07145039331886316, 'AAPL': 0.09235110181283143}
2018-07-04 21:57:02,984 INFO RiskParity_model: sum of weights is 0.9999999999999999
2018-07-04 21:57:02,985 INFO RiskParity_model finished successfully
2018-07-04 21:57:03,046 INFO weights are respectively {'Markowitz': {'VTI': 0.0064964737218289785, 'VWO': 1.0621858531547944e-09, 'VGK': 1.9949308304795642e-11, 'DBC': 0.24317701794191712, 'TLT': 0.15438309551366927, 'GLD': 3.125309996182564e-11, 'HYG': 0.5112947119704142, 'AAPL': 0.08464869973878202}, 'Black Litterman': {'VTI': 1.932771842206359e-12, 'VWO': 4.108500765647299e-12, 'VGK': 0.016799554047152086, 'DBC': 0.019437573217809128, 'TLT': 0.06949673725175248, 'GLD': 0.012720361387996423, 'HYG': 0.8579226986447828, 'AAPL': 0.023623075444465774}, 'Risk Parity': {'VTI': 0.051304544077453475, 'VWO': 0.03687123737868575, 'VGK': 0.05196704881060157, 'DBC': 0.0856748464195071, 'TLT': 0.33184104082645116, 'GLD': 0.27853978735560625, 'HYG': 0.07145039331886316, 'AAPL': 0.09235110181283143}}
2018-07-04 21:57:03,048 INFO training session finished successfully!
2018-07-04 21:57:10,083 INFO backtesting: Backtesting finished successfully
2018-07-04 21:57:10,084 INFO testing session finished successfully!
2018-07-04 21:57:26,137 ERROR Illegal method Error message: 'bool' object is not callable
2018-07-04 21:57:26,138 ERROR Illegal method Error message: name 'ontext' is not defined
2018-07-04 21:57:26,158 INFO Markowitz_model: mean_var is {'mean': array([ 0.13530574,  0.10785501,  0.03850504,  0.23539389, -0.02554045,
        0.01878978, -0.03554588,  0.26193036]), 'cov': array([[ 1.43566577e-02,  1.41130962e-02,  1.08622834e-02,
         3.96075769e-03, -2.41964238e-03, -4.34495935e-04,
         3.58354640e-03,  1.63242977e-02],
       [ 1.41130962e-02,  2.22793828e-02,  1.33387452e-02,
         6.25510996e-03, -1.25790377e-03,  2.24271246e-03,
         4.14541128e-03,  1.88438895e-02],
       [ 1.08622834e-02,  1.33387452e-02,  1.34326599e-02,
         4.70116271e-03, -1.89790190e-03,  1.47579347e-03,
         3.15670010e-03,  1.27190882e-02],
       [ 3.96075769e-03,  6.25510996e-03,  4.70116271e-03,
         1.36716453e-02, -1.19040308e-03,  3.00258296e-03,
         1.49745107e-03,  4.65783693e-03],
       [-2.41964238e-03, -1.25790377e-03, -1.89790190e-03,
        -1.19040308e-03,  9.12020638e-03,  3.21729686e-03,
        -5.24563443e-05, -1.13710623e-03],
       [-4.34495935e-04,  2.24271246e-03,  1.47579347e-03,
         3.00258296e-03,  3.21729686e-03,  9.15949888e-03,
         1.86508257e-04,  1.67688513e-04],
       [ 3.58354640e-03,  4.14541128e-03,  3.15670010e-03,
         1.49745107e-03, -5.24563443e-05,  1.86508257e-04,
         1.88269698e-03,  4.64906969e-03],
       [ 1.63242977e-02,  1.88438895e-02,  1.27190882e-02,
         4.65783693e-03, -1.13710623e-03,  1.67688513e-04,
         4.64906969e-03,  4.72187925e-02]]), 'var': array([0.01435666, 0.02227938, 0.01343266, 0.01367165, 0.00912021,
       0.0091595 , 0.0018827 , 0.04721879]), 'std': array([0.11981927, 0.1492628 , 0.11589935, 0.11692581, 0.09549977,
       0.09570527, 0.04339006, 0.21729886])}
2018-07-04 21:57:26,239 INFO solve_frontier finished!
2018-07-04 21:57:26,281 INFO Could not load matplotlib icon: can't use "pyimage19" as iconphoto: not a photo image
2018-07-04 21:57:26,315 INFO efficient_frontier finished!
2018-07-04 21:57:26,355 INFO solve_weights finished!
2018-07-04 21:57:26,395 INFO Could not load matplotlib icon: can't use "pyimage28" as iconphoto: not a photo image
2018-07-04 21:57:26,407 INFO efficient_frontier finished!
2018-07-04 21:57:26,460 INFO Markowitz_model: tangent_weights is [2.08873311e-01 5.45577974e-13 3.67811887e-13 3.97585586e-01
 2.82559546e-01 5.19702920e-02 2.31957793e-02 3.58154858e-02]
2018-07-04 21:57:26,462 INFO Markowitz_model: weights is {'VTI': 0.20887331067487022, 'VWO': 5.455779735321145e-13, 'VGK': 3.6781188717579377e-13, 'DBC': 0.39758558583358844, 'TLT': 0.28255954635852426, 'GLD': 0.051970291977556454, 'HYG': 0.02319577930809295, 'AAPL': 0.03581548584645431}
2018-07-04 21:57:26,463 INFO Markowitz_model: sum of weights is 0.9999999999999999
2018-07-04 21:57:26,463 INFO Markowitz_model finished successfully
2018-07-04 21:57:26,470 INFO solve_weights finished!
2018-07-04 21:57:26,477 INFO solve_weights finished!
2018-07-04 21:57:26,477 INFO BlackLitterman_model: weights: weights is {'VTI': 0.05937801485150197, 'VWO': 1.897418308490764e-12, 'VGK': 0.0, 'DBC': 0.056720585983677727, 'TLT': 0.10171137324391052, 'GLD': 0.09640981719298028, 'HYG': 0.6680741128934098, 'AAPL': 0.017706095832860255}
2018-07-04 21:57:26,478 INFO BlackLitterman_model: sum of weights is 1.000000000000238
2018-07-04 21:57:26,479 INFO BlackLitterman_model finished successfully!
2018-07-04 21:57:26,482 INFO solve_weights_assetinclass finished successfully!
2018-07-04 21:57:26,483 INFO W_assetinclass is {'Equity': {'VTI': 0.36857126802922774, 'VWO': 0.23750440413596477, 'VGK': 0.3939243278348075}, 'Commodity': {'DBC': 1.0}, 'Nominal Bond': {'TLT': 1.0}, 'IL Bond': {'GLD': 1.0}, 'Corporate Credit': {'HYG': 1.0}, 'EM Credit': {'AAPL': 1.0}}
2018-07-04 21:57:26,484 INFO solve_weights_box finished successfully!
2018-07-04 21:57:26,485 INFO W_box is {'GR': {'Equity': 0.1774689728561006, 'Commodity': 0.20606191402259222, 'EM Credit': 0.3088971113767348, 'Corporate Credit': 0.3075720017445724}, 'GF': {'Nominal Bond': 0.46272406976242403, 'IL Bond': 0.537275930237576}, 'IR': {'IL Bond': 0.25629953338575806, 'Commodity': 0.29759327257384915, 'EM Credit': 0.4461071940403928}, 'IF': {'Nominal Bond': 0.537275930237576, 'Equity': 0.46272406976242403}}
2018-07-04 21:57:26,486 INFO solve_weights_env finished successfully!
2018-07-04 21:57:26,486 INFO W_env is {'GR': 0.17449936250238884, 'GF': 0.3970381143647583, 'IR': 0.13207222220983383, 'IF': 0.29639030092301916}
2018-07-04 21:57:26,487 INFO W_assetclass is {'Equity': 0.16811514890855228, 'Commodity': 0.07526147745648945, 'Nominal Bond': 0.3429624667714699, 'IL Bond': 0.24716907116069917, 'EM Credit': 0.11282071747477784, 'Corporate Credit': 0.05367111822801151}
2018-07-04 21:57:26,488 INFO solve_weights_asset finished successfully!
2018-07-04 21:57:26,488 INFO W_asset is {'VTI': 0.061962413608147554, 'VWO': 0.0399280882677547, 'VGK': 0.06622464703265003, 'DBC': 0.07526147745648945, 'TLT': 0.3429624667714699, 'GLD': 0.24716907116069917, 'HYG': 0.05367111822801151, 'AAPL': 0.11282071747477784}
2018-07-04 21:57:26,489 INFO RiskParity_model: weights is {'VTI': 0.061962413608147554, 'VWO': 0.0399280882677547, 'VGK': 0.06622464703265003, 'DBC': 0.07526147745648945, 'TLT': 0.3429624667714699, 'GLD': 0.24716907116069917, 'HYG': 0.05367111822801151, 'AAPL': 0.11282071747477784}
2018-07-04 21:57:26,490 INFO RiskParity_model: sum of weights is 1.0000000000000002
2018-07-04 21:57:26,490 INFO RiskParity_model finished successfully
2018-07-04 21:57:26,553 INFO weights are respectively {'Markowitz': {'VTI': 0.20887331067487022, 'VWO': 5.455779735321145e-13, 'VGK': 3.6781188717579377e-13, 'DBC': 0.39758558583358844, 'TLT': 0.28255954635852426, 'GLD': 0.051970291977556454, 'HYG': 0.02319577930809295, 'AAPL': 0.03581548584645431}, 'Black Litterman': {'VTI': 0.05937801485150197, 'VWO': 1.897418308490764e-12, 'VGK': 0.0, 'DBC': 0.056720585983677727, 'TLT': 0.10171137324391052, 'GLD': 0.09640981719298028, 'HYG': 0.6680741128934098, 'AAPL': 0.017706095832860255}, 'Risk Parity': {'VTI': 0.061962413608147554, 'VWO': 0.0399280882677547, 'VGK': 0.06622464703265003, 'DBC': 0.07526147745648945, 'TLT': 0.3429624667714699, 'GLD': 0.24716907116069917, 'HYG': 0.05367111822801151, 'AAPL': 0.11282071747477784}}
2018-07-04 21:57:26,554 INFO training session finished successfully!
2018-07-04 21:57:34,059 INFO backtesting: Backtesting finished successfully
2018-07-04 21:57:34,060 INFO testing session finished successfully!
2018-07-04 22:04:39,445 ERROR Unexpected error: (<class 'SystemExit'>, SystemExit(0,), <traceback object at 0x10B49CB0>)
