2018-07-05 20:01:34,448 INFO get_daily_returns: SPY begins
2018-07-05 20:01:35,205 INFO get_daily_returns: FEZ begins
2018-07-05 20:01:36,014 INFO get_daily_returns: ASHR begins
2018-07-05 20:01:37,063 INFO get_daily_returns: DBC begins
2018-07-05 20:01:37,596 INFO get_daily_returns: DBV begins
2018-07-05 20:01:38,174 INFO get_daily_returns: TLT begins
2018-07-05 20:01:38,558 INFO get_daily_returns: IEF begins
2018-07-05 20:01:39,051 INFO get_daily_returns: VWOB begins
2018-07-05 20:01:39,508 INFO get_daily_returns: TIP begins
2018-07-05 20:01:39,948 INFO get_daily_returns: LQD begins
2018-07-05 20:01:40,481 INFO get_daily_returns: VCSH begins
2018-07-05 20:01:40,920 INFO get_daily_returns: VCIT begins
2018-07-05 20:01:41,386 INFO get_daily_returns: CEMB begins
2018-07-05 20:01:41,815 INFO get_daily_returns: EMB begins
2018-07-05 20:01:41,817 INFO get_daily_returns: ['SPY', 'FEZ', 'ASHR', 'DBC', 'DBV', 'TLT', 'IEF', 'VWOB', 'TIP', 'LQD', 'VCSH', 'VCIT', 'CEMB', 'EMB'] finished
2018-07-05 20:01:41,897 INFO Markowitz_model: mean_var is {'mean': array([ 0.42759557,  0.05843199, -0.15718657,  0.47584078,  0.20581641,
       -0.06706057, -0.06324045, -0.15829804, -0.04364325, -0.09671176,
       -0.01367994, -0.06910512, -0.12733496, -0.19613184]), 'cov': array([[ 0.0163356 ,  0.01158685,  0.00814053,  0.00614429,  0.00170188,
        -0.00357917, -0.00212866,  0.00082645, -0.00108162, -0.00014497,
        -0.00040311, -0.00083179,  0.00111324,  0.00155112],
       [ 0.01158685,  0.01895116,  0.00876334,  0.00741228,  0.00055252,
        -0.00738306, -0.00400552,  0.00033009, -0.00191726, -0.00190696,
        -0.00100349, -0.00228181,  0.00129839,  0.000465  ],
       [ 0.00814053,  0.00876334,  0.03618189,  0.00834734,  0.00077844,
        -0.00458043, -0.00232537,  0.00018546, -0.00141916, -0.0006304 ,
        -0.00050517, -0.00093613,  0.00112034,  0.00036562],
       [ 0.00614429,  0.00741228,  0.00834734,  0.01176484,  0.00161895,
        -0.00295302, -0.00147199, -0.00024504, -0.00028522, -0.00062278,
        -0.00024455, -0.00083503,  0.00026897,  0.00069319],
       [ 0.00170188,  0.00055252,  0.00077844,  0.00161895,  0.00368434,
         0.00033832,  0.00034373, -0.00013524,  0.00029335,  0.00026112,
         0.00028136,  0.00030818,  0.00010042,  0.00026417],
       [-0.00357917, -0.00738306, -0.00458043, -0.00295302,  0.00033832,
         0.01091433,  0.0048621 ,  0.00239209,  0.00345563,  0.00425622,
         0.00138317,  0.00333786,  0.00059567,  0.00260213],
       [-0.00212866, -0.00400552, -0.00232537, -0.00147199,  0.00034373,
         0.0048621 ,  0.00235311,  0.00097762,  0.00160962,  0.00194315,
         0.00072029,  0.00162301,  0.00026794,  0.001106  ],
       [ 0.00082645,  0.00033009,  0.00018546, -0.00024504, -0.00013524,
         0.00239209,  0.00097762,  0.00264783,  0.00082101,  0.00138989,
         0.00034521,  0.00092771,  0.00108023,  0.00284435],
       [-0.00108162, -0.00191726, -0.00141916, -0.00028522,  0.00029335,
         0.00345563,  0.00160962,  0.00082101,  0.00146288,  0.00147093,
         0.00053517,  0.00119158,  0.00031996,  0.00097144],
       [-0.00014497, -0.00190696, -0.0006304 , -0.00062278,  0.00026112,
         0.00425622,  0.00194315,  0.00138989,  0.00147093,  0.00210425,
         0.00062954,  0.00158186,  0.00051021,  0.00163385],
       [-0.00040311, -0.00100349, -0.00050517, -0.00024455,  0.00028136,
         0.00138317,  0.00072029,  0.00034521,  0.00053517,  0.00062954,
         0.00031216,  0.00053326,  0.00023436,  0.00042097],
       [-0.00083179, -0.00228181, -0.00093613, -0.00083503,  0.00030818,
         0.00333786,  0.00162301,  0.00092771,  0.00119158,  0.00158186,
         0.00053326,  0.00130671,  0.0003474 ,  0.00108379],
       [ 0.00111324,  0.00129839,  0.00112034,  0.00026897,  0.00010042,
         0.00059567,  0.00026794,  0.00108023,  0.00031996,  0.00051021,
         0.00023436,  0.0003474 ,  0.00255255,  0.00136125],
       [ 0.00155112,  0.000465  ,  0.00036562,  0.00069319,  0.00026417,
         0.00260213,  0.001106  ,  0.00284435,  0.00097144,  0.00163385,
         0.00042097,  0.00108379,  0.00136125,  0.00351452]]), 'var': array([0.0163356 , 0.01895116, 0.03618189, 0.01176484, 0.00368434,
       0.01091433, 0.00235311, 0.00264783, 0.00146288, 0.00210425,
       0.00031216, 0.00130671, 0.00255255, 0.00351452]), 'std': array([0.12781078, 0.13766321, 0.19021537, 0.10846583, 0.06069874,
       0.10447168, 0.04850885, 0.05145712, 0.03824762, 0.04587212,
       0.01766819, 0.0361485 , 0.05052277, 0.05928341])}
2018-07-05 20:01:42,051 INFO solve_frontier finished!
2018-07-05 20:01:42,139 INFO efficient_frontier finished!
2018-07-05 20:01:42,147 INFO solve_weights finished!
2018-07-05 20:01:42,187 INFO Could not load matplotlib icon: can't use "pyimage10" as iconphoto: not a photo image
2018-07-05 20:01:42,199 INFO efficient_frontier finished!
2018-07-05 20:01:42,240 INFO Markowitz_model: tangent_weights is [5.72552236e-02 2.09205563e-12 9.64292551e-11 1.09032728e-01
 9.63749480e-02 1.24733914e-11 5.22552126e-08 9.22988462e-10
 4.21822442e-08 1.23704291e-08 7.37337427e-01 3.70077132e-08
 4.47427694e-12 4.81180648e-11]
2018-07-05 20:01:42,241 INFO Markowitz_model: weights is {'SPY': 0.057255223570289546, 'FEZ': 2.0920556252158887e-12, 'ASHR': 9.642925510311288e-11, 'DBC': 0.10903272753605808, 'DBV': 0.09637494800410461, 'TLT': 1.2473391395078999e-11, 'IEF': 5.225521259851098e-08, 'VWOB': 9.22988461692023e-10, 'TIP': 4.218224419105006e-08, 'LQD': 1.2370429142132923e-08, 'VCSH': 0.7373374266430234, 'VCIT': 3.7007713191058076e-08, 'CEMB': 4.474276935888391e-12, 'EMB': 4.811806477146348e-11}
2018-07-05 20:01:42,242 INFO Markowitz_model: sum of weights is 1.00000047065565
2018-07-05 20:01:42,242 INFO Markowitz_model finished successfully
2018-07-05 20:01:42,259 INFO solve_weights finished!
2018-07-05 20:01:42,267 INFO solve_weights finished!
2018-07-05 20:01:42,268 INFO BlackLitterman_model: weights: weights is {'SPY': 0.045566716843001814, 'FEZ': 0.032718410687282345, 'ASHR': 0.014055491582636281, 'DBC': 0.01761207850843944, 'DBV': 7.362331061369198e-13, 'TLT': 1.5592161486640069e-13, 'IEF': 1.1319329584839324e-11, 'VWOB': 0.027958105268860594, 'TIP': 3.713004838486189e-13, 'LQD': 4.5448425228865157e-13, 'VCSH': 0.8620891970958816, 'VCIT': 3.207122474492216e-13, 'CEMB': 4.718473841627737e-13, 'EMB': 6.803590554978721e-14}
2018-07-05 20:01:42,269 INFO BlackLitterman_model: sum of weights is 1.0
2018-07-05 20:01:42,269 INFO BlackLitterman_model finished successfully!
2018-07-05 20:01:42,279 INFO solve_weights_assetinclass finished successfully!
2018-07-05 20:01:42,280 INFO W_assetinclass is {'Equity': {'SPY': 0.4322512144402556, 'FEZ': 0.37259365281317, 'ASHR': 0.19515513274657456}, 'Commodity': {'DBC': 0.2384811904757649, 'DBV': 0.7615188095242351}, 'Nominal Bond': {'TLT': 0.10245644897222587, 'IEF': 0.4752197150483361, 'VWOB': 0.42232383597943807}, 'IL Bond': {'TIP': 1.0}, 'Corporate Credit': {'LQD': 0.10693846982078513, 'VCSH': 0.720854484749177, 'VCIT': 0.17220704543003781}, 'EM Credit': {'CEMB': 0.579278139277055, 'EMB': 0.4207218607229449}}
2018-07-05 20:01:42,281 INFO solve_weights_box finished successfully!
2018-07-05 20:01:42,282 INFO W_box is {'GR': {'Equity': 0.03910835120498879, 'Commodity': 0.14763588108304726, 'EM Credit': 0.2469472755687549, 'Corporate Credit': 0.5663084921432091}, 'GF': {'Nominal Bond': 0.20942200316349105, 'IL Bond': 0.7905779968365091}, 'IR': {'IL Bond': 0.09017550608323815, 'Commodity': 0.34041681335341717, 'EM Credit': 0.5694076805633446}, 'IF': {'Nominal Bond': 0.7905779968365091, 'Equity': 0.20942200316349105}}
2018-07-05 20:01:42,283 INFO solve_weights_env finished successfully!
2018-07-05 20:01:42,283 INFO W_env is {'GR': 0.2759618069834824, 'GF': 0.4111018185331978, 'IR': 0.2051168489672618, 'IF': 0.10781952551605795}
2018-07-05 20:01:42,284 INFO W_assetclass is {'Equity': 0.03337219228038335, 'Commodity': 0.11056708860980566, 'Nominal Bond': 0.17133351084372425, 'IL Bond': 0.3435045678536436, 'EM Credit': 0.18494312561051196, 'Corporate Credit': 0.15627951480193122}
2018-07-05 20:01:42,285 INFO solve_weights_asset finished successfully!
2018-07-05 20:01:42,285 INFO W_asset is {'SPY': 0.014425170641729426, 'FEZ': 0.012434267024131505, 'ASHR': 0.006512754614522423, 'DBC': 0.02636817091910584, 'DBV': 0.08419891769069981, 'TLT': 0.01755422311099234, 'IEF': 0.08142106220138565, 'VWOB': 0.07235822553134627, 'TIP': 0.3435045678536436, 'LQD': 0.016712292177253264, 'VCSH': 0.11265478911939751, 'VCIT': 0.02691243350528044, 'CEMB': 0.10713350967574002, 'EMB': 0.07780961593477191}
2018-07-05 20:01:42,286 INFO RiskParity_model: weights is {'SPY': 0.014425170641729426, 'FEZ': 0.012434267024131505, 'ASHR': 0.006512754614522423, 'DBC': 0.02636817091910584, 'DBV': 0.08419891769069981, 'TLT': 0.01755422311099234, 'IEF': 0.08142106220138565, 'VWOB': 0.07235822553134627, 'TIP': 0.3435045678536436, 'LQD': 0.016712292177253264, 'VCSH': 0.11265478911939751, 'VCIT': 0.02691243350528044, 'CEMB': 0.10713350967574002, 'EMB': 0.07780961593477191}
2018-07-05 20:01:42,287 INFO RiskParity_model: sum of weights is 0.9999999999999998
2018-07-05 20:01:42,287 INFO RiskParity_model finished successfully
2018-07-05 20:01:42,374 INFO weights are respectively {'Markowitz': {'SPY': 0.057255223570289546, 'FEZ': 2.0920556252158887e-12, 'ASHR': 9.642925510311288e-11, 'DBC': 0.10903272753605808, 'DBV': 0.09637494800410461, 'TLT': 1.2473391395078999e-11, 'IEF': 5.225521259851098e-08, 'VWOB': 9.22988461692023e-10, 'TIP': 4.218224419105006e-08, 'LQD': 1.2370429142132923e-08, 'VCSH': 0.7373374266430234, 'VCIT': 3.7007713191058076e-08, 'CEMB': 4.474276935888391e-12, 'EMB': 4.811806477146348e-11}, 'Black Litterman': {'SPY': 0.045566716843001814, 'FEZ': 0.032718410687282345, 'ASHR': 0.014055491582636281, 'DBC': 0.01761207850843944, 'DBV': 7.362331061369198e-13, 'TLT': 1.5592161486640069e-13, 'IEF': 1.1319329584839324e-11, 'VWOB': 0.027958105268860594, 'TIP': 3.713004838486189e-13, 'LQD': 4.5448425228865157e-13, 'VCSH': 0.8620891970958816, 'VCIT': 3.207122474492216e-13, 'CEMB': 4.718473841627737e-13, 'EMB': 6.803590554978721e-14}, 'Risk Parity': {'SPY': 0.014425170641729426, 'FEZ': 0.012434267024131505, 'ASHR': 0.006512754614522423, 'DBC': 0.02636817091910584, 'DBV': 0.08419891769069981, 'TLT': 0.01755422311099234, 'IEF': 0.08142106220138565, 'VWOB': 0.07235822553134627, 'TIP': 0.3435045678536436, 'LQD': 0.016712292177253264, 'VCSH': 0.11265478911939751, 'VCIT': 0.02691243350528044, 'CEMB': 0.10713350967574002, 'EMB': 0.07780961593477191}}
2018-07-05 20:01:42,377 INFO training session finished successfully!
2018-07-05 20:01:42,864 INFO get_daily_returns: SPY begins
2018-07-05 20:01:43,354 INFO get_daily_returns: FEZ begins
2018-07-05 20:01:43,840 INFO get_daily_returns: ASHR begins
2018-07-05 20:01:44,210 INFO get_daily_returns: DBC begins
2018-07-05 20:01:44,779 INFO get_daily_returns: DBV begins
2018-07-05 20:01:45,312 INFO get_daily_returns: TLT begins
2018-07-05 20:01:45,700 INFO get_daily_returns: IEF begins
2018-07-05 20:01:46,260 INFO get_daily_returns: VWOB begins
2018-07-05 20:01:47,075 INFO get_daily_returns: TIP begins
2018-07-05 20:01:47,540 INFO get_daily_returns: LQD begins
2018-07-05 20:01:48,161 INFO get_daily_returns: VCSH begins
2018-07-05 20:01:48,665 INFO get_daily_returns: VCIT begins
2018-07-05 20:01:49,602 INFO get_daily_returns: CEMB begins
2018-07-05 20:01:49,991 INFO get_daily_returns: EMB begins
2018-07-05 20:01:49,993 INFO get_daily_returns: ['SPY', 'FEZ', 'ASHR', 'DBC', 'DBV', 'TLT', 'IEF', 'VWOB', 'TIP', 'LQD', 'VCSH', 'VCIT', 'CEMB', 'EMB'] finished
2018-07-05 20:01:50,059 INFO backtesting: Backtesting finished successfully
2018-07-05 20:01:50,060 INFO testing session finished successfully!
2018-07-05 20:02:29,216 ERROR Unexpected error: (<class 'SystemExit'>, SystemExit(0,), <traceback object at 0x107A6328>)
